date,total_confirmed_cases,cases_daily_change,cases_daily_change_rolling,cases_newly_reported,cases_removed,cases_sample_date,cases_total_sample_date,total_hospitalized,currently_hospitalized,currently_in_icu,total_statewide_deaths,new_statewide_deaths,new_statewide_deaths_rolling,total_statewide_recoveries,total_completed_tests,new_completed_tests,new_completed_tests_rolling,daily_pct_positive
2020-03-05,0,0,0.0,0,0,1,1,0,0,0,0,0,,0,,,,
2020-03-06,1,1,0.3,0,0,0,1,0,0,0,0,0,,0,,,,
2020-03-07,1,0,0.2,0,0,1,2,0,0,0,0,0,,0,,,,
2020-03-08,2,1,0.4,0,0,0,2,0,0,0,0,0,,0,,,,
2020-03-09,2,0,0.3,0,0,3,5,0,0,0,0,0,,0,,,,
2020-03-10,3,1,0.4,0,0,6,11,0,0,0,0,0,,0,,,,
2020-03-11,5,2,0.7,0,0,10,21,0,0,0,0,0,,0,,,,
2020-03-12,9,4,1.3,0,0,22,43,0,0,0,0,0,,0,,,,
2020-03-13,14,5,1.9,0,0,19,62,0,0,0,0,0,,0,,,,
2020-03-14,21,7,2.9,0,0,28,90,0,0,0,0,0,,0,,,,
2020-03-15,35,14,4.7,0,0,38,128,1,1,0,0,0,,0,,,,
2020-03-16,54,19,7.4,0,0,51,179,3,3,0,0,0,,0,,,,
2020-03-17,60,6,8.1,0,0,67,246,3,3,1,0,0,,0,,,,
2020-03-18,77,17,10.3,0,0,23,269,7,4,1,0,0,,0,,,,
2020-03-19,89,12,11.4,0,0,18,287,7,7,1,0,0,,24,,,,
2020-03-20,115,26,14.4,0,0,16,303,7,5,2,0,0,,24,,,,
2020-03-21,137,22,16.6,0,0,24,327,12,6,4,1,1,1.0,38,,,,
2020-03-22,169,32,19.1,0,0,22,349,12,10,5,1,0,0.5,40,,,,
2020-03-23,235,66,25.9,0,0,44,393,21,12,5,1,0,0.3,46,,,,
2020-03-24,262,27,28.9,0,0,51,444,21,15,7,1,0,0.2,88,,,,
2020-03-25,287,25,30.0,0,0,58,502,35,26,12,1,0,0.2,122,,,,
2020-03-26,346,59,36.7,0,0,63,565,41,31,13,2,1,0.3,134,,,,
2020-03-27,397,51,40.3,0,0,75,640,51,34,17,4,2,0.6,180,,,,
2020-03-28,441,44,43.4,0,0,47,687,57,30,13,5,1,0.6,220,,,,
2020-03-29,503,62,47.7,0,0,38,725,75,39,16,9,4,1.1,252,18081,1524,1524.0,0.041
2020-03-30,576,73,48.7,0,0,98,823,92,56,24,10,1,1.3,260,19290,1209,1366.5,0.06
2020-03-31,629,53,52.4,0,0,93,916,112,56,26,12,2,1.6,288,20335,1045,1259.3,0.051
2020-04-01,689,60,57.4,0,0,57,973,122,54,27,17,5,2.3,342,21851,1516,1323.5,0.04
2020-04-02,742,53,56.6,0,0,83,1056,138,75,38,18,1,2.3,373,22854,1003,1259.4,0.053
2020-04-03,789,47,56.0,0,0,63,1119,156,86,40,22,4,2.6,410,24837,1983,1380.0,0.024
2020-04-04,865,76,60.6,0,0,39,1158,180,95,42,24,2,2.7,440,26183,1346,1375.1,0.056
2020-04-05,935,70,61.7,0,0,60,1218,202,106,48,29,5,2.9,451,27846,1663,1395.0,0.042
2020-04-06,986,51,58.6,0,0,112,1330,223,115,57,30,1,2.9,470,29311,1465,1431.6,0.035
2020-04-07,1069,83,62.9,0,0,103,1433,242,120,64,34,4,3.1,549,30489,1178,1450.6,0.07
2020-04-08,1154,85,66.4,0,0,102,1535,271,135,64,39,5,3.1,632,32040,1551,1455.6,0.055
2020-04-09,1242,88,71.4,0,0,103,1638,293,145,63,50,11,4.6,675,33493,1453,1519.9,0.061
2020-04-10,1336,94,78.1,0,0,95,1733,317,143,64,57,7,5.0,732,35323,1830,1498.0,0.051
2020-04-11,1427,91,80.3,0,0,74,1807,340,145,69,64,7,5.7,793,37082,1759,1557.0,0.052
2020-04-12,1621,194,98.0,0,0,58,1865,361,157,74,70,6,5.9,842,38708,1626,1551.7,0.119
2020-04-13,1650,29,94.9,0,0,148,2013,361,157,74,70,0,5.7,842,39898,1190,1512.4,0.024
2020-04-14,1695,45,89.4,0,0,156,2169,405,177,75,79,9,6.4,909,40683,785,1456.3,0.057
2020-04-15,1809,114,93.6,0,0,157,2326,445,197,93,87,8,6.9,940,41874,1191,1404.9,0.096
2020-04-16,1912,103,95.7,0,0,171,2497,475,213,103,94,7,6.3,1020,43570,1696,1439.6,0.061
2020-04-17,2071,159,105.0,0,0,182,2679,518,223,106,111,17,7.7,1066,45026,1456,1386.1,0.109
2020-04-18,2213,142,112.3,0,0,121,2800,561,239,111,121,10,8.1,1118,46492,1466,1344.3,0.097
2020-04-19,2356,143,105.0,0,0,126,2926,574,228,116,134,13,9.1,1160,47973,1481,1323.6,0.097
2020-04-20,2470,114,117.1,0,0,276,3202,602,237,126,142,9,10.4,1202,49204,1231,1329.4,0.093
2020-04-21,2567,97,124.6,0,0,262,3464,629,237,117,160,17,11.6,1254,50044,840,1337.3,0.115
2020-04-22,2721,154,130.3,0,0,309,3773,660,240,107,179,19,13.1,1317,51793,1749,1417.0,0.088
2020-04-23,2942,221,147.1,0,0,525,4298,712,268,104,200,21,15.1,1536,53922,2129,1478.9,0.104
2020-04-24,3185,243,159.1,0,0,519,4817,756,278,111,221,21,15.7,1594,56412,2490,1626.6,0.098
2020-04-25,3446,261,176.1,0,0,339,5156,797,288,109,244,23,17.6,1654,59501,3089,1858.4,0.084
2020-04-26,3602,156,178.0,0,0,386,5542,829,285,115,272,28,19.7,1774,62121,2620,2021.1,0.06
2020-04-27,3816,214,192.3,0,0,680,6222,861,292,122,286,14,20.4,1842,64685,2564,2211.6,0.083
2020-04-28,4181,365,230.6,0,0,604,6826,912,314,120,301,15,20.1,1912,66702,2017,2379.7,0.181
2020-04-29,4644,463,274.7,0,0,682,7508,950,320,119,319,18,20.0,2043,70047,3345,2607.7,0.138
2020-04-30,5136,492,313.4,0,0,648,8156,1044,365,130,343,24,20.4,2172,77127,7080,3315.0,0.069
2020-05-01,5730,594,363.6,0,0,622,8778,1096,369,118,371,28,21.4,2282,81475,4348,3580.4,0.137
2020-05-02,6228,498,397.4,0,0,335,9113,1159,389,135,395,24,21.6,2397,85958,4483,3779.6,0.111
2020-05-03,6663,435,437.3,0,0,340,9453,1199,373,155,419,24,21.0,3015,89687,3729,3938.0,0.117
2020-05-04,7234,571,488.3,0,0,823,10276,1271,396,166,428,9,20.3,4212,92847,3160,4023.1,0.181
2020-05-05,7851,617,524.3,0,0,645,10921,1350,434,182,455,27,22.0,4614,96914,4067,4316.0,0.152
2020-05-06,8579,728,562.1,0,0,635,11556,1405,443,180,484,29,23.6,5005,100080,3166,4290.4,0.23
2020-05-07,9365,786,604.1,0,0,818,12374,1459,435,182,507,23,23.4,5308,104559,4479,3918.9,0.175
2020-05-08,10088,723,622.6,0,0,711,13085,1549,473,198,533,26,23.1,5697,109570,5011,4013.6,0.144
2020-05-09,10790,702,651.7,0,0,281,13366,1612,476,180,557,24,23.1,6322,114446,4876,4069.7,0.144
2020-05-10,11271,481,658.3,0,0,231,13597,1687,434,199,577,20,22.6,6882,119359,4913,4238.9,0.098
2020-05-11,11799,528,652.1,0,0,826,14423,1716,452,194,590,13,23.1,7536,124657,5298,4544.3,0.1
2020-05-12,12494,695,663.3,0,0,663,15086,1799,496,199,613,23,22.6,8223,129961,5304,4721.0,0.131
2020-05-13,12917,423,619.7,0,0,731,15817,1851,494,199,637,24,21.9,8787,133975,4014,4842.1,0.105
2020-05-14,13435,518,581.4,523,5,794,16611,1915,498,203,662,25,22.1,9136,141269,7294,5244.3,0.071
2020-05-15,14240,805,593.1,808,3,799,17410,1985,498,200,682,20,21.3,9503,148002,6733,5490.3,0.12
2020-05-16,14969,729,597.0,740,11,344,17754,2039,493,225,699,17,20.3,10271,157126,9124,6097.1,0.08
2020-05-17,15668,699,628.1,699,0,311,18065,2090,487,221,721,22,20.6,10897,165093,7967,6533.4,0.088
2020-05-18,16372,704,653.3,705,1,973,19038,2128,488,229,730,9,20.0,10764,171075,5982,6631.1,0.118
2020-05-19,17029,657,647.9,665,8,857,19895,2221,545,229,747,17,19.1,11540,177465,6390,6786.3,0.103
2020-05-20,17670,641,679.0,645,4,767,20662,2308,550,212,776,29,19.9,12227,183839,6374,7123.4,0.101
2020-05-21,18200,530,680.7,539,9,982,21644,2380,566,229,808,32,20.9,12488,190793,6954,7074.9,0.076
2020-05-22,19005,805,680.7,813,8,790,22434,2432,534,233,841,33,22.7,12696,199051,8258,7292.7,0.097
2020-05-23,19845,840,696.6,847,7,399,22833,2534,568,215,851,10,21.7,13485,208773,9722,7378.1,0.086
2020-05-24,20573,728,700.7,730,2,359,23192,2588,553,207,868,17,21.0,14115,217668,8895,7510.7,0.082
2020-05-25,21315,742,706.1,745,3,412,23604,2676,605,248,880,12,21.4,14816,224649,6981,7653.4,0.106
2020-05-26,21960,645,704.4,652,7,795,24399,2709,570,258,898,18,21.6,15523,231297,6648,7690.3,0.097
2020-05-27,22464,504,684.9,510,6,682,25081,2796,598,260,931,33,22.1,16314,238232,6935,7770.4,0.073
2020-05-28,22947,483,678.1,493,10,576,25657,2880,606,242,966,35,22.6,16655,247760,9528,8138.1,0.051
2020-05-29,23531,584,646.6,590,6,457,26114,2936,592,259,995,29,22.0,16930,257653,9893,8371.7,0.059
2020-05-30,24190,659,620.7,660,1,168,26282,3011,589,263,1025,30,24.9,17864,268035,10382,8466.0,0.063
2020-05-31,24850,660,611.0,664,4,142,26424,3047,555,257,1039,14,24.4,18695,276471,8436,8400.4,0.078
2020-06-01,25208,358,556.1,361,3,583,27007,3086,549,253,1049,10,24.1,19441,283354,6883,8386.4,0.052
2020-06-02,25508,300,506.9,310,10,486,27493,3134,537,248,1071,22,24.7,20381,287533,4179,8033.7,0.072
2020-06-03,25870,362,486.6,372,10,521,28014,3203,537,254,1085,14,22.0,21169,295204,7671,8138.9,0.047
2020-06-04,26273,403,475.1,404,1,404,28418,3253,512,244,1114,29,21.1,21490,311100,15896,9048.6,0.025
2020-06-05,26980,707,492.7,712,0,411,28829,3289,478,220,1147,33,21.7,21864,322036,10936,9197.6,0.065
2020-06-06,27501,521,473.0,526,5,163,28992,3336,473,206,1169,22,20.6,22253,333077,11041,9291.7,0.047
2020-06-07,27886,385,433.7,388,3,138,29130,3367,450,199,1185,16,20.9,22992,343479,10402,9572.6,0.037
2020-06-08,28224,338,430.9,338,0,477,29607,3401,452,198,1196,11,21.0,23657,353004,9525,9950.0,0.035
2020-06-09,28523,299,430.7,307,8,460,30067,3441,455,199,1216,20,20.7,24221,360770,7766,10462.4,0.039
2020-06-10,28869,346,428.4,352,6,404,30471,3482,427,193,1235,19,21.4,24675,369647,8877,10634.7,0.039
2020-06-11,29316,447,434.7,453,6,343,30814,3522,411,196,1247,12,19.0,24870,381686,12039,10083.7,0.037
2020-06-12,29795,479,402.1,490,11,308,31122,3557,403,191,1272,25,17.9,25028,395078,13392,10434.6,0.036
2020-06-13,30172,377,381.6,394,17,153,31275,3581,390,191,1281,9,16.0,25620,407873,12795,10685.1,0.029
2020-06-14,30471,299,369.3,311,12,150,31425,3610,369,186,1296,15,15.9,26090,417663,9790,10597.7,0.031
2020-06-15,30693,222,352.7,230,8,399,31824,3630,353,186,1302,6,15.1,26609,422683,5020,9954.1,0.044
2020-06-16,30882,189,337.0,197,8,412,32236,3658,357,185,1311,9,13.6,27006,428890,6207,9731.4,0.03
2020-06-17,31296,414,346.7,419,5,429,32665,3689,351,181,1323,12,12.6,27404,448452,19562,11257.9,0.021
2020-06-18,31675,379,337.0,387,8,388,33053,3718,345,171,1342,19,13.6,27566,460952,12500,11323.7,0.03
2020-06-19,32031,356,319.4,362,6,341,33394,3748,339,168,1359,17,12.4,27709,475134,14182,11436.6,0.025
2020-06-20,32467,436,327.9,438,2,218,33612,3767,324,161,1371,12,12.9,28205,491905,16771,12004.6,0.026
2020-06-21,32920,453,349.9,461,8,197,33809,3797,322,160,1379,8,11.9,28663,504047,12142,12340.6,0.037
2020-06-22,33227,307,362.0,308,1,484,34293,3830,332,156,1383,4,11.6,29065,512658,8611,12853.6,0.036
2020-06-23,33469,242,369.6,245,3,586,34879,3860,339,158,1392,9,11.6,29399,519903,7245,13001.9,0.033
2020-06-24,33763,294,352.4,304,10,500,35379,3897,340,160,1397,5,10.6,29707,529572,9669,11588.6,0.03
2020-06-25,34123,360,349.7,365,5,472,35851,3943,336,162,1406,9,9.1,29854,542550,12978,11656.9,0.028
2020-06-26,34616,493,369.3,498,5,501,36352,3966,335,157,1411,5,7.4,30008,557140,14590,11715.1,0.034
2020-06-27,35033,417,366.6,427,10,266,36618,3986,300,155,1417,6,6.6,30401,570088,12948,11169.0,0.032
2020-06-28,35549,516,375.6,523,10,221,36839,4010,288,143,1425,8,6.6,30809,585010,14922,11566.1,0.035
2020-06-29,35861,312,376.3,315,3,516,37355,4031,278,140,1435,10,7.4,31225,592523,7513,11409.3,0.042
2020-06-30,36303,442,404.9,444,2,470,37825,4054,270,136,1441,6,7.0,31601,604974,12451,12153.0,0.035
2020-07-01,36716,413,421.9,426,13,525,38350,4081,260,125,1445,4,6.9,31947,616902,11928,12475.7,0.035
2020-07-02,37210,494,441.0,500,6,396,38746,4112,274,123,1458,13,7.4,32163,630466,13564,12559.4,0.036
2020-07-03,37624,414,429.7,423,9,228,38974,4139,270,132,1466,8,7.9,32347,645134,14668,12570.6,0.028
2020-07-04,37624,,431.8,,,59,39033,4139,,,1466,,8.2,32347,659267,14133,12739.9,
2020-07-05,38136,512,431.2,519,7,94,39127,4170,253,132,1471,5,7.7,33408,673654,14387,12663.4,0.036
2020-07-06,38569,433,451.3,434,1,4,39131,4219,258,125,1474,3,6.5,33907,679311,5657,12398.3,0.077
2020-07-07,39133,564,471.7,569,5,0,39131,4252,267,121,1477,3,6.0,34377,685247,5936,11467.6,0.095
